[[0, 1, 1, 0, 1, 0, 1, 0, 0, 0, 0, 1, 0, 0, 1,],
 [1, 0, 0, 1, 1, 1, 1, 1, 1, 1, 1, 1, 1, 1, 0,],
 [1, 0, 0, 1, 1, 1, 1, 1, 1, 1, 0, 0, 1, 1, 1,],
 [0, 1, 1, 0, 0, 1, 0, 1, 1, 1, 1, 1, 1, 1, 1,],
 [1, 1, 1, 0, 0, 1, 1, 1, 1, 1, 1, 1, 1, 1, 1,],
 [0, 1, 1, 1, 1, 0, 0, 1, 1, 1, 1, 1, 0, 1, 1,],
 [1, 1, 1, 0, 1, 0, 0, 0, 1, 1, 0, 0, 0, 0, 0,],
 [0, 1, 1, 1, 1, 1, 0, 0, 1, 1, 1, 1, 1, 0, 1,],
 [0, 1, 1, 1, 1, 1, 1, 1, 0, 0, 1, 1, 1, 1, 1,],
 [0, 1, 1, 1, 1, 1, 1, 1, 0, 0, 1, 1, 1, 1, 1,],
 [0, 1, 0, 1, 1, 1, 0, 1, 1, 1, 0, 0, 1, 1, 1,],
 [1, 1, 0, 1, 1, 1, 0, 1, 1, 1, 0, 0, 1, 1, 1,],
 [0, 1, 1, 1, 1, 0, 0, 1, 1, 1, 1, 1, 0, 1, 1,],
 [0, 1, 1, 1, 1, 1, 0, 0, 1, 1, 1, 1, 1, 0, 1,],
 [1, 0, 1, 1, 1, 1, 0, 1, 1, 1, 1, 1, 1, 1, 0,]]

h-vec: [1, 9, 20, 20, 20, 9, 1]
gam-vec: [1, 3, -7, -4]