[[0, 1, 1, 1, 1, 0, 1, 1, 0, 1, 1, 1, 1, 1, 1],
 [1, 0, 1, 1, 0, 1, 1, 0, 0, 0, 0, 0, 0, 1, 0],
 [1, 1, 0, 1, 0, 1, 0, 1, 0, 0, 1, 1, 1, 1, 0],
 [1, 1, 1, 0, 1, 1, 1, 1, 1, 1, 1, 1, 0, 0, 1],
 [1, 0, 0, 1, 0, 1, 0, 1, 0, 1, 1, 0, 1, 1, 1],
 [0, 1, 1, 1, 1, 0, 1, 1, 1, 1, 1, 1, 1, 1, 0],
 [1, 1, 0, 1, 0, 1, 0, 1, 0, 1, 1, 0, 0, 1, 0],
 [1, 0, 1, 1, 1, 1, 1, 0, 1, 0, 0, 0, 0, 1, 0],
 [0, 0, 0, 1, 0, 1, 0, 1, 0, 0, 0, 0, 0, 0, 0],
 [1, 0, 0, 1, 1, 1, 1, 0, 0, 0, 0, 0, 0, 1, 0],
 [1, 0, 1, 1, 1, 1, 1, 0, 0, 0, 0, 0, 0, 0, 0],
 [1, 0, 1, 1, 0, 1, 0, 0, 0, 0, 0, 0, 1, 1, 0],
 [1, 0, 1, 0, 1, 1, 0, 0, 0, 0, 0, 1, 0, 0, 0],
 [1, 1, 1, 0, 1, 1, 1, 1, 0, 1, 0, 1, 0, 0, 0],
 [1, 0, 0, 1, 1, 0, 0, 0, 0, 0, 0, 0, 0, 0, 0]]

h-vec: [1, 11, 18, 11, 1]
gam-vec: [1, 7, -2]